0 0000000000 0
1 0000000001 1
2 0000000010 1
3 0000000011 1
4 0000000100 1
5 0000000101 1
6 0000000110 1
7 0000000111 1
8 0000001000 1
9 0000001001 1
10 0000001010 1
11 0000001011 1
12 0000001100 1
13 0000001101 1
14 0000001110 1
15 0000001111 1
16 0000010000 1
17 0000010001 1
18 0000010010 1
19 0000010011 1
20 0000010100 1
21 0000010101 1
22 0000010110 1
23 0000010111 1
24 0000011000 1
25 0000011001 1
26 0000011010 1
27 0000011011 1
28 0000011100 1
29 0000011101 1
30 0000011110 1
31 0000011111 1
32 0000100000 1
33 0000100001 1
34 0000100010 1
35 0000100011 1
36 0000100100 1
37 0000100101 1
38 0000100110 1
39 0000100111 1
40 0000101000 1
41 0000101001 1
42 0000101010 1
43 0000101011 1
44 0000101100 1
45 0000101101 1
46 0000101110 1
47 0000101111 1
48 0000110000 1
49 0000110001 1
50 0000110010 1
51 0000110011 1
52 0000110100 1
53 0000110101 1
54 0000110110 1
55 0000110111 1
56 0000111000 1
57 0000111001 1
58 0000111010 1
59 0000111011 1
60 0000111100 1
61 0000111101 1
62 0000111110 1
63 0000111111 1
64 0001000000 1
65 0001000001 1
66 0001000010 1
67 0001000011 1
68 0001000100 1
69 0001000101 1
70 0001000110 1
71 0001000111 1
72 0001001000 1
73 0001001001 1
74 0001001010 1
75 0001001011 1
76 0001001100 1
77 0001001101 1
78 0001001110 1
79 0001001111 1
80 0001010000 1
81 0001010001 1
82 0001010010 1
83 0001010011 1
84 0001010100 1
85 0001010101 1
86 0001010110 1
87 0001010111 1
88 0001011000 1
89 0001011001 1
90 0001011010 1
91 0001011011 1
92 0001011100 1
93 0001011101 1
94 0001011110 1
95 0001011111 1
96 0001100000 1
97 0001100001 1
98 0001100010 1
99 0001100011 1
100 0001100100 1
101 0001100101 1
102 0001100110 1
103 0001100111 1
104 0001101000 1
105 0001101001 1
106 0001101010 1
107 0001101011 1
108 0001101100 1
109 0001101101 1
110 0001101110 1
111 0001101111 1
112 0001110000 1
113 0001110001 1
114 0001110010 1
115 0001110011 1
116 0001110100 1
117 0001110101 1
118 0001110110 1
119 0001110111 1
120 0001111000 1
121 0001111001 1
122 0001111010 1
123 0001111011 1
124 0001111100 1
125 0001111101 1
126 0001111110 1
127 0001111111 1
128 0010000000 1
129 0010000001 1
130 0010000010 1
131 0010000011 1
132 0010000100 1
133 0010000101 1
134 0010000110 1
135 0010000111 1
136 0010001000 1
137 0010001001 1
138 0010001010 1
139 0010001011 1
140 0010001100 1
141 0010001101 1
142 0010001110 1
143 0010001111 1
144 0010010000 1
145 0010010001 1
146 0010010010 1
147 0010010011 1
148 0010010100 1
149 0010010101 1
150 0010010110 1
151 0010010111 1
152 0010011000 1
153 0010011001 1
154 0010011010 1
155 0010011011 1
156 0010011100 1
157 0010011101 1
158 0010011110 1
159 0010011111 1
160 0010100000 1
161 0010100001 1
162 0010100010 1
163 0010100011 1
164 0010100100 1
165 0010100101 1
166 0010100110 1
167 0010100111 1
168 0010101000 1
169 0010101001 1
170 0010101010 1
171 0010101011 1
172 0010101100 1
173 0010101101 1
174 0010101110 1
175 0010101111 1
176 0010110000 1
177 0010110001 1
178 0010110010 1
179 0010110011 1
180 0010110100 1
181 0010110101 1
182 0010110110 1
183 0010110111 1
184 0010111000 1
185 0010111001 1
186 0010111010 1
187 0010111011 1
188 0010111100 1
189 0010111101 1
190 0010111110 1
191 0010111111 1
192 0011000000 1
193 0011000001 1
194 0011000010 1
195 0011000011 1
196 0011000100 1
197 0011000101 1
198 0011000110 1
199 0011000111 1
200 0011001000 1
201 0011001001 1
202 0011001010 1
203 0011001011 1
204 0011001100 1
205 0011001101 1
206 0011001110 1
207 0011001111 1
208 0011010000 1
209 0011010001 1
210 0011010010 1
211 0011010011 1
212 0011010100 1
213 0011010101 1
214 0011010110 1
215 0011010111 1
216 0011011000 1
217 0011011001 1
218 0011011010 1
219 0011011011 1
220 0011011100 1
221 0011011101 1
222 0011011110 1
223 0011011111 1
224 0011100000 1
225 0011100001 1
226 0011100010 1
227 0011100011 1
228 0011100100 1
229 0011100101 1
230 0011100110 1
231 0011100111 1
232 0011101000 1
233 0011101001 1
234 0011101010 1
235 0011101011 1
236 0011101100 1
237 0011101101 1
238 0011101110 1
239 0011101111 1
240 0011110000 1
241 0011110001 1
242 0011110010 1
243 0011110011 1
244 0011110100 1
245 0011110101 1
246 0011110110 1
247 0011110111 1
248 0011111000 1
249 0011111001 1
250 0011111010 1
251 0011111011 1
252 0011111100 1
253 0011111101 1
254 0011111110 1
255 0011111111 1
256 0100000000 1
257 0100000001 1
258 0100000010 1
259 0100000011 1
260 0100000100 1
261 0100000101 1
262 0100000110 1
263 0100000111 1
264 0100001000 1
265 0100001001 1
266 0100001010 1
267 0100001011 1
268 0100001100 1
269 0100001101 1
270 0100001110 1
271 0100001111 1
272 0100010000 1
273 0100010001 1
274 0100010010 1
275 0100010011 1
276 0100010100 1
277 0100010101 1
278 0100010110 1
279 0100010111 1
280 0100011000 1
281 0100011001 1
282 0100011010 1
283 0100011011 1
284 0100011100 1
285 0100011101 1
286 0100011110 1
287 0100011111 1
288 0100100000 1
289 0100100001 1
290 0100100010 1
291 0100100011 1
292 0100100100 1
293 0100100101 1
294 0100100110 1
295 0100100111 1
296 0100101000 1
297 0100101001 1
298 0100101010 1
299 0100101011 1
300 0100101100 1
301 0100101101 1
302 0100101110 1
303 0100101111 1
304 0100110000 1
305 0100110001 1
306 0100110010 1
307 0100110011 1
308 0100110100 1
309 0100110101 1
310 0100110110 1
311 0100110111 1
312 0100111000 1
313 0100111001 1
314 0100111010 1
315 0100111011 1
316 0100111100 1
317 0100111101 1
318 0100111110 1
319 0100111111 1
320 0101000000 1
321 0101000001 1
322 0101000010 1
323 0101000011 1
324 0101000100 1
325 0101000101 1
326 0101000110 1
327 0101000111 1
328 0101001000 1
329 0101001001 1
330 0101001010 1
331 0101001011 1
332 0101001100 1
333 0101001101 1
334 0101001110 1
335 0101001111 1
336 0101010000 1
337 0101010001 1
338 0101010010 1
339 0101010011 1
340 0101010100 1
341 0101010101 1
342 0101010110 1
343 0101010111 1
344 0101011000 1
345 0101011001 1
346 0101011010 1
347 0101011011 1
348 0101011100 1
349 0101011101 1
350 0101011110 1
351 0101011111 1
352 0101100000 1
353 0101100001 1
354 0101100010 1
355 0101100011 1
356 0101100100 1
357 0101100101 1
358 0101100110 1
359 0101100111 1
360 0101101000 1
361 0101101001 1
362 0101101010 1
363 0101101011 1
364 0101101100 1
365 0101101101 1
366 0101101110 1
367 0101101111 1
368 0101110000 1
369 0101110001 1
370 0101110010 1
371 0101110011 1
372 0101110100 1
373 0101110101 1
374 0101110110 1
375 0101110111 1
376 0101111000 1
377 0101111001 1
378 0101111010 1
379 0101111011 1
380 0101111100 1
381 0101111101 1
382 0101111110 1
383 0101111111 1
384 0110000000 1
385 0110000001 1
386 0110000010 1
387 0110000011 1
388 0110000100 1
389 0110000101 1
390 0110000110 1
391 0110000111 1
392 0110001000 1
393 0110001001 1
394 0110001010 1
395 0110001011 1
396 0110001100 1
397 0110001101 1
398 0110001110 1
399 0110001111 1
400 0110010000 1
401 0110010001 1
402 0110010010 1
403 0110010011 1
404 0110010100 1
405 0110010101 1
406 0110010110 1
407 0110010111 1
408 0110011000 1
409 0110011001 1
410 0110011010 1
411 0110011011 1
412 0110011100 1
413 0110011101 1
414 0110011110 1
415 0110011111 1
416 0110100000 1
417 0110100001 1
418 0110100010 1
419 0110100011 1
420 0110100100 1
421 0110100101 1
422 0110100110 1
423 0110100111 1
424 0110101000 1
425 0110101001 1
426 0110101010 1
427 0110101011 1
428 0110101100 1
429 0110101101 1
430 0110101110 1
431 0110101111 1
432 0110110000 1
433 0110110001 1
434 0110110010 1
435 0110110011 1
436 0110110100 1
437 0110110101 1
438 0110110110 1
439 0110110111 1
440 0110111000 1
441 0110111001 1
442 0110111010 1
443 0110111011 1
444 0110111100 1
445 0110111101 1
446 0110111110 1
447 0110111111 1
448 0111000000 1
449 0111000001 1
450 0111000010 1
451 0111000011 1
452 0111000100 1
453 0111000101 1
454 0111000110 1
455 0111000111 1
456 0111001000 1
457 0111001001 1
458 0111001010 1
459 0111001011 1
460 0111001100 1
461 0111001101 1
462 0111001110 1
463 0111001111 1
464 0111010000 1
465 0111010001 1
466 0111010010 1
467 0111010011 1
468 0111010100 1
469 0111010101 1
470 0111010110 1
471 0111010111 1
472 0111011000 1
473 0111011001 1
474 0111011010 1
475 0111011011 1
476 0111011100 1
477 0111011101 1
478 0111011110 1
479 0111011111 1
480 0111100000 1
481 0111100001 1
482 0111100010 1
483 0111100011 1
484 0111100100 1
485 0111100101 1
486 0111100110 1
487 0111100111 1
488 0111101000 1
489 0111101001 1
490 0111101010 1
491 0111101011 1
492 0111101100 1
493 0111101101 1
494 0111101110 1
495 0111101111 1
496 0111110000 1
497 0111110001 1
498 0111110010 1
499 0111110011 1
500 0111110100 1
501 0111110101 1
502 0111110110 1
503 0111110111 1
504 0111111000 1
505 0111111001 1
506 0111111010 1
507 0111111011 1
508 0111111100 1
509 0111111101 1
510 0111111110 1
511 0111111111 1
512 1000000000 0
513 1000000001 1
514 1000000010 1
515 1000000011 1
516 1000000100 1
517 1000000101 1
518 1000000110 1
519 1000000111 1
520 1000001000 1
521 1000001001 1
522 1000001010 1
523 1000001011 1
524 1000001100 1
525 1000001101 1
526 1000001110 1
527 1000001111 1
528 1000010000 1
529 1000010001 1
530 1000010010 1
531 1000010011 1
532 1000010100 1
533 1000010101 1
534 1000010110 1
535 1000010111 1
536 1000011000 1
537 1000011001 1
538 1000011010 1
539 1000011011 1
540 1000011100 1
541 1000011101 1
542 1000011110 1
543 1000011111 1
544 1000100000 1
545 1000100001 1
546 1000100010 1
547 1000100011 1
548 1000100100 1
549 1000100101 1
550 1000100110 1
551 1000100111 1
552 1000101000 1
553 1000101001 1
554 1000101010 1
555 1000101011 1
556 1000101100 1
557 1000101101 1
558 1000101110 1
559 1000101111 1
560 1000110000 1
561 1000110001 1
562 1000110010 1
563 1000110011 1
564 1000110100 1
565 1000110101 1
566 1000110110 1
567 1000110111 1
568 1000111000 1
569 1000111001 1
570 1000111010 1
571 1000111011 1
572 1000111100 1
573 1000111101 1
574 1000111110 1
575 1000111111 1
576 1001000000 1
577 1001000001 1
578 1001000010 1
579 1001000011 1
580 1001000100 1
581 1001000101 1
582 1001000110 1
583 1001000111 1
584 1001001000 1
585 1001001001 1
586 1001001010 1
587 1001001011 1
588 1001001100 1
589 1001001101 1
590 1001001110 1
591 1001001111 1
592 1001010000 1
593 1001010001 1
594 1001010010 1
595 1001010011 1
596 1001010100 1
597 1001010101 1
598 1001010110 1
599 1001010111 1
600 1001011000 1
601 1001011001 1
602 1001011010 1
603 1001011011 1
604 1001011100 1
605 1001011101 1
606 1001011110 1
607 1001011111 1
608 1001100000 1
609 1001100001 1
610 1001100010 1
611 1001100011 1
612 1001100100 1
613 1001100101 1
614 1001100110 1
615 1001100111 1
616 1001101000 1
617 1001101001 1
618 1001101010 1
619 1001101011 1
620 1001101100 1
621 1001101101 1
622 1001101110 1
623 1001101111 1
624 1001110000 1
625 1001110001 1
626 1001110010 1
627 1001110011 1
628 1001110100 1
629 1001110101 1
630 1001110110 1
631 1001110111 1
632 1001111000 1
633 1001111001 1
634 1001111010 1
635 1001111011 1
636 1001111100 1
637 1001111101 1
638 1001111110 1
639 1001111111 1
640 1010000000 1
641 1010000001 1
642 1010000010 1
643 1010000011 1
644 1010000100 1
645 1010000101 1
646 1010000110 1
647 1010000111 1
648 1010001000 1
649 1010001001 1
650 1010001010 1
651 1010001011 1
652 1010001100 1
653 1010001101 1
654 1010001110 1
655 1010001111 1
656 1010010000 1
657 1010010001 1
658 1010010010 1
659 1010010011 1
660 1010010100 1
661 1010010101 1
662 1010010110 1
663 1010010111 1
664 1010011000 1
665 1010011001 1
666 1010011010 1
667 1010011011 1
668 1010011100 1
669 1010011101 1
670 1010011110 1
671 1010011111 1
672 1010100000 1
673 1010100001 1
674 1010100010 1
675 1010100011 1
676 1010100100 1
677 1010100101 1
678 1010100110 1
679 1010100111 1
680 1010101000 1
681 1010101001 1
682 1010101010 1
683 1010101011 1
684 1010101100 1
685 1010101101 1
686 1010101110 1
687 1010101111 1
688 1010110000 1
689 1010110001 1
690 1010110010 1
691 1010110011 1
692 1010110100 1
693 1010110101 1
694 1010110110 1
695 1010110111 1
696 1010111000 1
697 1010111001 1
698 1010111010 1
699 1010111011 1
700 1010111100 1
701 1010111101 1
702 1010111110 1
703 1010111111 1
704 1011000000 1
705 1011000001 1
706 1011000010 1
707 1011000011 1
708 1011000100 1
709 1011000101 1
710 1011000110 1
711 1011000111 1
712 1011001000 1
713 1011001001 1
714 1011001010 1
715 1011001011 1
716 1011001100 1
717 1011001101 1
718 1011001110 1
719 1011001111 1
720 1011010000 1
721 1011010001 1
722 1011010010 1
723 1011010011 1
724 1011010100 1
725 1011010101 1
726 1011010110 1
727 1011010111 1
728 1011011000 1
729 1011011001 1
730 1011011010 1
731 1011011011 1
732 1011011100 1
733 1011011101 1
734 1011011110 1
735 1011011111 1
736 1011100000 1
737 1011100001 1
738 1011100010 1
739 1011100011 1
740 1011100100 1
741 1011100101 1
742 1011100110 1
743 1011100111 1
744 1011101000 1
745 1011101001 1
746 1011101010 1
747 1011101011 1
748 1011101100 1
749 1011101101 1
750 1011101110 1
751 1011101111 1
752 1011110000 1
753 1011110001 1
754 1011110010 1
755 1011110011 1
756 1011110100 1
757 1011110101 1
758 1011110110 1
759 1011110111 1
760 1011111000 1
761 1011111001 1
762 1011111010 1
763 1011111011 1
764 1011111100 1
765 1011111101 1
766 1011111110 1
767 1011111111 1
768 1100000000 0
769 1100000001 1
770 1100000010 1
771 1100000011 1
772 1100000100 1
773 1100000101 1
774 1100000110 1
775 1100000111 1
776 1100001000 1
777 1100001001 1
778 1100001010 1
779 1100001011 1
780 1100001100 1
781 1100001101 1
782 1100001110 1
783 1100001111 1
784 1100010000 1
785 1100010001 1
786 1100010010 1
787 1100010011 1
788 1100010100 1
789 1100010101 1
790 1100010110 1
791 1100010111 1
792 1100011000 1
793 1100011001 1
794 1100011010 1
795 1100011011 1
796 1100011100 1
797 1100011101 1
798 1100011110 1
799 1100011111 1
800 1100100000 1
801 1100100001 1
802 1100100010 1
803 1100100011 1
804 1100100100 1
805 1100100101 1
806 1100100110 1
807 1100100111 1
808 1100101000 1
809 1100101001 1
810 1100101010 1
811 1100101011 1
812 1100101100 1
813 1100101101 1
814 1100101110 1
815 1100101111 1
816 1100110000 1
817 1100110001 1
818 1100110010 1
819 1100110011 1
820 1100110100 1
821 1100110101 1
822 1100110110 1
823 1100110111 1
824 1100111000 1
825 1100111001 1
826 1100111010 1
827 1100111011 1
828 1100111100 1
829 1100111101 1
830 1100111110 1
831 1100111111 1
832 1101000000 1
833 1101000001 1
834 1101000010 1
835 1101000011 1
836 1101000100 1
837 1101000101 1
838 1101000110 1
839 1101000111 1
840 1101001000 1
841 1101001001 1
842 1101001010 1
843 1101001011 1
844 1101001100 1
845 1101001101 1
846 1101001110 1
847 1101001111 1
848 1101010000 1
849 1101010001 1
850 1101010010 1
851 1101010011 1
852 1101010100 1
853 1101010101 1
854 1101010110 1
855 1101010111 1
856 1101011000 1
857 1101011001 1
858 1101011010 1
859 1101011011 1
860 1101011100 1
861 1101011101 1
862 1101011110 1
863 1101011111 1
864 1101100000 1
865 1101100001 1
866 1101100010 1
867 1101100011 1
868 1101100100 1
869 1101100101 1
870 1101100110 1
871 1101100111 1
872 1101101000 1
873 1101101001 1
874 1101101010 1
875 1101101011 1
876 1101101100 1
877 1101101101 1
878 1101101110 1
879 1101101111 1
880 1101110000 1
881 1101110001 1
882 1101110010 1
883 1101110011 1
884 1101110100 1
885 1101110101 1
886 1101110110 1
887 1101110111 1
888 1101111000 1
889 1101111001 1
890 1101111010 1
891 1101111011 1
892 1101111100 1
893 1101111101 1
894 1101111110 1
895 1101111111 1
896 1110000000 0
897 1110000001 1
898 1110000010 1
899 1110000011 1
900 1110000100 1
901 1110000101 1
902 1110000110 1
903 1110000111 1
904 1110001000 1
905 1110001001 1
906 1110001010 1
907 1110001011 1
908 1110001100 1
909 1110001101 1
910 1110001110 1
911 1110001111 1
912 1110010000 1
913 1110010001 1
914 1110010010 1
915 1110010011 1
916 1110010100 1
917 1110010101 1
918 1110010110 1
919 1110010111 1
920 1110011000 1
921 1110011001 1
922 1110011010 1
923 1110011011 1
924 1110011100 1
925 1110011101 1
926 1110011110 1
927 1110011111 1
928 1110100000 1
929 1110100001 1
930 1110100010 1
931 1110100011 1
932 1110100100 1
933 1110100101 1
934 1110100110 1
935 1110100111 1
936 1110101000 1
937 1110101001 1
938 1110101010 1
939 1110101011 1
940 1110101100 1
941 1110101101 1
942 1110101110 1
943 1110101111 1
944 1110110000 1
945 1110110001 1
946 1110110010 1
947 1110110011 1
948 1110110100 1
949 1110110101 1
950 1110110110 1
951 1110110111 1
952 1110111000 1
953 1110111001 1
954 1110111010 1
955 1110111011 1
956 1110111100 1
957 1110111101 1
958 1110111110 1
959 1110111111 1
960 1111000000 0
961 1111000001 1
962 1111000010 1
963 1111000011 1
964 1111000100 1
965 1111000101 1
966 1111000110 1
967 1111000111 1
968 1111001000 1
969 1111001001 1
970 1111001010 1
971 1111001011 1
972 1111001100 1
973 1111001101 1
974 1111001110 1
975 1111001111 1
976 1111010000 1
977 1111010001 1
978 1111010010 1
979 1111010011 1
980 1111010100 1
981 1111010101 1
982 1111010110 1
983 1111010111 1
984 1111011000 1
985 1111011001 1
986 1111011010 1
987 1111011011 1
988 1111011100 1
989 1111011101 1
990 1111011110 1
991 1111011111 1
992 1111100000 0
993 1111100001 1
994 1111100010 1
995 1111100011 1
996 1111100100 1
997 1111100101 1
998 1111100110 1
999 1111100111 1
1000 1111101000 1
1001 1111101001 1
1002 1111101010 1
1003 1111101011 1
1004 1111101100 1
1005 1111101101 1
1006 1111101110 1
1007 1111101111 1
1008 1111110000 0
1009 1111110001 1
1010 1111110010 1
1011 1111110011 1
1012 1111110100 1
1013 1111110101 1
1014 1111110110 1
1015 1111110111 1
1016 1111111000 0
1017 1111111001 1
1018 1111111010 1
1019 1111111011 1
1020 1111111100 0
1021 1111111101 1
1022 1111111110 0
1023 1111111111 0
1013
