1.01041
1.0983
1.87264
2.39575
1.75757
2.73092
2.30739
3.40583
3.32652
2.46564
3.79457
3.36657
3.21748
3.49797
3.67403
2.97618
3.85079
3.5047
3.51047
3.84979
3.99214
3.61541
3.85351
3.98232
3.64488
3.5006
3.54285
3.00468
4.1654
3.89873
3.61081
3.67794
3.49614
3.56079
3.9835
4.05963
3.86617
3.95286
3.9475
3.99351
3.8787
3.83079
4.04085
4.16406
4.43187
3.94957
3.85944
4.19765
3.90463
3.1688
3.06531
2.77496
3.01138
3.40516
2.91963
3.19946
3.69819
3.07131
3.37209
3.5518
3.61814
3.73075
3.85642
3.54244
4.03817
3.94076
3.68357
3.88727
3.80943
4.16615
3.77977
4.07952
4.00505
3.96759
4.4281
3.46574
3.90566
4.23126
3.61965
4.28714
4.1883
3.72061
3.86662
3.99907
4.7724
4.09976
4.28915
4.26661
4.30258
4.09447
4.10394
3.83132
4.46836
3.84813
3.53446
3.75151
3.7102
4.03411
3.49448
4.14654
