1.15892
0.485733
0.302794
0.225246
0.14387
0.0913966
0.0648686
0.053574
0.0282592
0.0161483
0.0159075
0.0037349
0.00484585
0.00545261
0.00424042
0.00223759
0.00417742
0.00182549
0.00166504
0.00237108
0.00224374
0.000976624
0.00242869
0.00218164
0.00157503
0.00210965
0.00180556
0.00156838
0.001917
0.00119402
0.00126182
0.00154886
0.000917205
0.00109757
0.00109275
0.00188674
0.00292394
0.00152851
0.000933224
0.000670474
0.000666395
0.000745203
0.00068067
0.000562667
0.00071497
0.000904947
0.000644428
0.000695587
0.000665757
0.00213738
