1.00867
0.665548
0.474735
0.316513
0.181202
0.166895
0.100467
0.076759
0.0712825
0.0741762
0.0351791
0.012095
0.0149768
0.0204142
0.0124112
0.00550438
0.0146955
0.00457702
0.0105071
0.00591472
0.0112263
0.0207997
0.00761318
0.00892843
0.0109838
0.00669014
0.00853107
0.0116695
0.00851289
0.00398385
0.00335716
0.00682271
0.00299011
0.00943177
0.00622936
0.00484339
0.0031946
0.00171635
0.00259262
0.00126562
0.00378271
0.00258893
0.00299946
0.0025391
0.00195499
0.00198799
0.00410377
0.00140086
0.00229694
0.00618311
